(kicad_pcb (version 20171130) (host pcbnew 5.1.2-f72e74a~84~ubuntu18.04.1)

  (general
    (thickness 1.6)
    (drawings 18)
    (tracks 177)
    (zones 0)
    (modules 16)
    (nets 16)
  )

  (page A4)
  (layers
    (0 Top signal)
    (1 Route2 signal)
    (2 Route15 signal)
    (31 Bottom signal)
    (32 B.Adhes user)
    (33 F.Adhes user)
    (34 B.Paste user)
    (35 F.Paste user)
    (36 B.SilkS user)
    (37 F.SilkS user)
    (38 B.Mask user)
    (39 F.Mask user)
    (40 Dwgs.User user)
    (41 Cmts.User user)
    (42 Eco1.User user)
    (43 Eco2.User user)
    (44 Edge.Cuts user)
    (45 Margin user)
    (46 B.CrtYd user)
    (47 F.CrtYd user)
    (48 B.Fab user)
    (49 F.Fab user)
  )

  (setup
    (last_trace_width 1.7)
    (user_trace_width 1.7)
    (user_trace_width 3)
    (trace_clearance 0.2)
    (zone_clearance 0.508)
    (zone_45_only no)
    (trace_min 0.2)
    (via_size 0.8)
    (via_drill 0.4)
    (via_min_size 0.4)
    (via_min_drill 0.3)
    (user_via 3 1.5)
    (uvia_size 0.3)
    (uvia_drill 0.1)
    (uvias_allowed no)
    (uvia_min_size 0.2)
    (uvia_min_drill 0.1)
    (edge_width 0.05)
    (segment_width 0.2)
    (pcb_text_width 0.3)
    (pcb_text_size 1.5 1.5)
    (mod_edge_width 0.12)
    (mod_text_size 1 1)
    (mod_text_width 0.15)
    (pad_size 1.7 1.7)
    (pad_drill 1)
    (pad_to_mask_clearance 0.051)
    (solder_mask_min_width 0.25)
    (aux_axis_origin 7.02564 75.15352)
    (visible_elements FFFFFF7F)
    (pcbplotparams
      (layerselection 0x01000_fffffff8)
      (usegerberextensions false)
      (usegerberattributes false)
      (usegerberadvancedattributes false)
      (creategerberjobfile false)
      (excludeedgelayer true)
      (linewidth 0.100000)
      (plotframeref false)
      (viasonmask false)
      (mode 1)
      (useauxorigin true)
      (hpglpennumber 1)
      (hpglpenspeed 20)
      (hpglpendiameter 15.000000)
      (psnegative false)
      (psa4output false)
      (plotreference false)
      (plotvalue false)
      (plotinvisibletext false)
      (padsonsilk false)
      (subtractmaskfromsilk false)
      (outputformat 1)
      (mirror false)
      (drillshape 0)
      (scaleselection 1)
      (outputdirectory "mill_v"))
  )

  (net 0 "")
  (net 1 GND)
  (net 2 MOSI)
  (net 3 MISO)
  (net 4 SCK)
  (net 5 +3V3)
  (net 6 "Net-(J1-Pad1)")
  (net 7 LI-ION)
  (net 8 D12)
  (net 9 DONE)
  (net 10 LORA_RST)
  (net 11 LORA_CS)
  (net 12 SCL)
  (net 13 SDA)
  (net 14 TIMED_POWER)
  (net 15 G0)

  (net_class Default "This is the default net class."
    (clearance 0.2)
    (trace_width 0.25)
    (via_dia 0.8)
    (via_drill 0.4)
    (uvia_dia 0.3)
    (uvia_drill 0.1)
    (add_net +3V3)
    (add_net D12)
    (add_net DONE)
    (add_net G0)
    (add_net GND)
    (add_net LI-ION)
    (add_net LORA_CS)
    (add_net LORA_RST)
    (add_net MISO)
    (add_net MOSI)
    (add_net "Net-(J1-Pad1)")
    (add_net SCK)
    (add_net SCL)
    (add_net SDA)
    (add_net TIMED_POWER)
  )

  (module Connector_PinSocket_2.54mm:PinSocket_1x07_P2.54mm_Vertical (layer Top) (tedit 5A19A433) (tstamp 5E1D471C)
    (at 33.274 61.468 90)
    (descr "Through hole straight socket strip, 1x07, 2.54mm pitch, single row (from Kicad 4.0.7), script generated")
    (tags "Through hole socket strip THT 1x07 2.54mm single row")
    (path /5E1D1081)
    (fp_text reference J3 (at 0 -2.77 90) (layer F.SilkS)
      (effects (font (size 1 1) (thickness 0.15)))
    )
    (fp_text value Conn_01x07_Female (at 0 18.01 90) (layer F.Fab)
      (effects (font (size 1 1) (thickness 0.15)))
    )
    (fp_line (start -1.27 -1.27) (end 0.635 -1.27) (layer F.Fab) (width 0.1))
    (fp_line (start 0.635 -1.27) (end 1.27 -0.635) (layer F.Fab) (width 0.1))
    (fp_line (start 1.27 -0.635) (end 1.27 16.51) (layer F.Fab) (width 0.1))
    (fp_line (start 1.27 16.51) (end -1.27 16.51) (layer F.Fab) (width 0.1))
    (fp_line (start -1.27 16.51) (end -1.27 -1.27) (layer F.Fab) (width 0.1))
    (fp_line (start -1.33 1.27) (end 1.33 1.27) (layer F.SilkS) (width 0.12))
    (fp_line (start -1.33 1.27) (end -1.33 16.57) (layer F.SilkS) (width 0.12))
    (fp_line (start -1.33 16.57) (end 1.33 16.57) (layer F.SilkS) (width 0.12))
    (fp_line (start 1.33 1.27) (end 1.33 16.57) (layer F.SilkS) (width 0.12))
    (fp_line (start 1.33 -1.33) (end 1.33 0) (layer F.SilkS) (width 0.12))
    (fp_line (start 0 -1.33) (end 1.33 -1.33) (layer F.SilkS) (width 0.12))
    (fp_line (start -1.8 -1.8) (end 1.75 -1.8) (layer F.CrtYd) (width 0.05))
    (fp_line (start 1.75 -1.8) (end 1.75 17) (layer F.CrtYd) (width 0.05))
    (fp_line (start 1.75 17) (end -1.8 17) (layer F.CrtYd) (width 0.05))
    (fp_line (start -1.8 17) (end -1.8 -1.8) (layer F.CrtYd) (width 0.05))
    (fp_text user %R (at 0 7.62) (layer F.Fab)
      (effects (font (size 1 1) (thickness 0.15)))
    )
    (pad 1 thru_hole rect (at 0 0 90) (size 1.7 1.7) (drill 1) (layers *.Cu *.Mask)
      (net 5 +3V3))
    (pad 2 thru_hole oval (at 0 2.54 90) (size 1.7 1.7) (drill 1) (layers *.Cu *.Mask))
    (pad 3 thru_hole oval (at 0 5.08 90) (size 1.7 1.7) (drill 1) (layers *.Cu *.Mask)
      (net 1 GND))
    (pad 4 thru_hole oval (at 0 7.62 90) (size 1.7 1.7) (drill 1) (layers *.Cu *.Mask)
      (net 12 SCL))
    (pad 5 thru_hole oval (at 0 10.16 90) (size 1.7 1.7) (drill 1) (layers *.Cu *.Mask))
    (pad 6 thru_hole oval (at 0 12.7 90) (size 1.7 1.7) (drill 1) (layers *.Cu *.Mask)
      (net 13 SDA))
    (pad 7 thru_hole oval (at 0 15.24 90) (size 1.7 1.7) (drill 1) (layers *.Cu *.Mask))
    (model ${KISYS3DMOD}/Connector_PinSocket_2.54mm.3dshapes/PinSocket_1x07_P2.54mm_Vertical.wrl
      (at (xyz 0 0 0))
      (scale (xyz 1 1 1))
      (rotate (xyz 0 0 0))
    )
  )

  (module MountingHole:MountingHole_2.7mm_M2.5 (layer Top) (tedit 56D1B4CB) (tstamp 5E1D5B6B)
    (at 100.60704 69.82068)
    (descr "Mounting Hole 2.7mm, no annular, M2.5")
    (tags "mounting hole 2.7mm no annular m2.5")
    (path /5D99EBDD)
    (attr virtual)
    (fp_text reference H1 (at 0 -3.7) (layer F.SilkS)
      (effects (font (size 1 1) (thickness 0.15)))
    )
    (fp_text value MountingHole (at 0 3.7) (layer F.Fab)
      (effects (font (size 1 1) (thickness 0.15)))
    )
    (fp_text user %R (at 0.3 0) (layer F.Fab)
      (effects (font (size 1 1) (thickness 0.15)))
    )
    (fp_circle (center 0 0) (end 2.7 0) (layer Cmts.User) (width 0.15))
    (fp_circle (center 0 0) (end 2.95 0) (layer F.CrtYd) (width 0.05))
    (pad 1 np_thru_hole circle (at 0 0) (size 2.7 2.7) (drill 2.7) (layers *.Cu *.Mask))
  )

  (module MountingHole:MountingHole_2.7mm_M2.5 (layer Top) (tedit 56D1B4CB) (tstamp 5E1D5B80)
    (at 18.60704 69.82068)
    (descr "Mounting Hole 2.7mm, no annular, M2.5")
    (tags "mounting hole 2.7mm no annular m2.5")
    (path /5D99FC38)
    (attr virtual)
    (fp_text reference H2 (at 0 -3.7) (layer F.SilkS)
      (effects (font (size 1 1) (thickness 0.15)))
    )
    (fp_text value MountingHole (at 0 3.7) (layer F.Fab)
      (effects (font (size 1 1) (thickness 0.15)))
    )
    (fp_text user %R (at 0.3 0) (layer F.Fab)
      (effects (font (size 1 1) (thickness 0.15)))
    )
    (fp_circle (center 0 0) (end 2.7 0) (layer Cmts.User) (width 0.15))
    (fp_circle (center 0 0) (end 2.95 0) (layer F.CrtYd) (width 0.05))
    (pad 1 np_thru_hole circle (at 0 0) (size 2.7 2.7) (drill 2.7) (layers *.Cu *.Mask))
  )

  (module MountingHole:MountingHole_2.7mm_M2.5 (layer Top) (tedit 56D1B4CB) (tstamp 5E1D5B41)
    (at 18.60704 3.82068)
    (descr "Mounting Hole 2.7mm, no annular, M2.5")
    (tags "mounting hole 2.7mm no annular m2.5")
    (path /5D99FE70)
    (attr virtual)
    (fp_text reference H3 (at 0 -3.7) (layer F.SilkS)
      (effects (font (size 1 1) (thickness 0.15)))
    )
    (fp_text value MountingHole (at 0 3.7) (layer F.Fab)
      (effects (font (size 1 1) (thickness 0.15)))
    )
    (fp_text user %R (at -0.55 0.1) (layer F.Fab)
      (effects (font (size 1 1) (thickness 0.15)))
    )
    (fp_circle (center 0 0) (end 2.7 0) (layer Cmts.User) (width 0.15))
    (fp_circle (center 0 0) (end 2.95 0) (layer F.CrtYd) (width 0.05))
    (pad 1 np_thru_hole circle (at 0 0) (size 2.7 2.7) (drill 2.7) (layers *.Cu *.Mask))
  )

  (module MountingHole:MountingHole_2.7mm_M2.5 (layer Top) (tedit 56D1B4CB) (tstamp 5E1D5B56)
    (at 100.60704 3.82068)
    (descr "Mounting Hole 2.7mm, no annular, M2.5")
    (tags "mounting hole 2.7mm no annular m2.5")
    (path /5D99FFF4)
    (attr virtual)
    (fp_text reference H4 (at 0 -3.7) (layer F.SilkS)
      (effects (font (size 1 1) (thickness 0.15)))
    )
    (fp_text value MountingHole (at 0 3.7) (layer F.Fab)
      (effects (font (size 1 1) (thickness 0.15)))
    )
    (fp_circle (center 0 0) (end 2.95 0) (layer F.CrtYd) (width 0.05))
    (fp_circle (center 0 0) (end 2.7 0) (layer Cmts.User) (width 0.15))
    (fp_text user %R (at 0.3 0) (layer F.Fab)
      (effects (font (size 1 1) (thickness 0.15)))
    )
    (pad 1 np_thru_hole circle (at 0 0) (size 2.7 2.7) (drill 2.7) (layers *.Cu *.Mask))
  )

  (module Connector_PinSocket_2.54mm:PinSocket_1x02_P2.54mm_Vertical (layer Top) (tedit 5A19A420) (tstamp 5E1D4AD7)
    (at 49.784 14.732 270)
    (descr "Through hole straight socket strip, 1x02, 2.54mm pitch, single row (from Kicad 4.0.7), script generated")
    (tags "Through hole socket strip THT 1x02 2.54mm single row")
    (path /5DBD7C27)
    (fp_text reference J1 (at 0 -2.77 90) (layer F.SilkS)
      (effects (font (size 1 1) (thickness 0.15)))
    )
    (fp_text value Conn_01x02_Female (at 0 5.31 90) (layer F.Fab)
      (effects (font (size 1 1) (thickness 0.15)))
    )
    (fp_line (start -1.27 -1.27) (end 0.635 -1.27) (layer F.Fab) (width 0.1))
    (fp_line (start 0.635 -1.27) (end 1.27 -0.635) (layer F.Fab) (width 0.1))
    (fp_line (start 1.27 -0.635) (end 1.27 3.81) (layer F.Fab) (width 0.1))
    (fp_line (start 1.27 3.81) (end -1.27 3.81) (layer F.Fab) (width 0.1))
    (fp_line (start -1.27 3.81) (end -1.27 -1.27) (layer F.Fab) (width 0.1))
    (fp_line (start -1.33 1.27) (end 1.33 1.27) (layer F.SilkS) (width 0.12))
    (fp_line (start -1.33 1.27) (end -1.33 3.87) (layer F.SilkS) (width 0.12))
    (fp_line (start -1.33 3.87) (end 1.33 3.87) (layer F.SilkS) (width 0.12))
    (fp_line (start 1.33 1.27) (end 1.33 3.87) (layer F.SilkS) (width 0.12))
    (fp_line (start 1.33 -1.33) (end 1.33 0) (layer F.SilkS) (width 0.12))
    (fp_line (start 0 -1.33) (end 1.33 -1.33) (layer F.SilkS) (width 0.12))
    (fp_line (start -1.8 -1.8) (end 1.75 -1.8) (layer F.CrtYd) (width 0.05))
    (fp_line (start 1.75 -1.8) (end 1.75 4.3) (layer F.CrtYd) (width 0.05))
    (fp_line (start 1.75 4.3) (end -1.8 4.3) (layer F.CrtYd) (width 0.05))
    (fp_line (start -1.8 4.3) (end -1.8 -1.8) (layer F.CrtYd) (width 0.05))
    (fp_text user %R (at 0 1.27) (layer F.Fab)
      (effects (font (size 1 1) (thickness 0.15)))
    )
    (pad 1 thru_hole rect (at 0 0 270) (size 1.7 1.7) (drill 1) (layers *.Cu *.Mask)
      (net 6 "Net-(J1-Pad1)"))
    (pad 2 thru_hole oval (at 0 2.54 270) (size 1.7 1.7) (drill 1) (layers *.Cu *.Mask)
      (net 1 GND))
    (model ${KISYS3DMOD}/Connector_PinSocket_2.54mm.3dshapes/PinSocket_1x02_P2.54mm_Vertical.wrl
      (at (xyz 0 0 0))
      (scale (xyz 1 1 1))
      (rotate (xyz 0 0 0))
    )
  )

  (module TerminalBlock_Phoenix:TerminalBlock_Phoenix_PT-1,5-3-3.5-H_1x03_P3.50mm_Horizontal (layer Top) (tedit 5B294F3F) (tstamp 5E1D494D)
    (at 20.054 53.848 270)
    (descr "Terminal Block Phoenix PT-1,5-3-3.5-H, 3 pins, pitch 3.5mm, size 10.5x7.6mm^2, drill diamater 1.2mm, pad diameter 2.4mm, see , script-generated using https://github.com/pointhi/kicad-footprint-generator/scripts/TerminalBlock_Phoenix")
    (tags "THT Terminal Block Phoenix PT-1,5-3-3.5-H pitch 3.5mm size 10.5x7.6mm^2 drill 1.2mm pad 2.4mm")
    (path /5DC8DC36)
    (fp_text reference J6 (at 3.5 -4.16 90) (layer F.SilkS)
      (effects (font (size 1 1) (thickness 0.15)))
    )
    (fp_text value Screw_Terminal_01x03 (at 3.5 5.56 90) (layer F.Fab)
      (effects (font (size 1 1) (thickness 0.15)))
    )
    (fp_arc (start 0 0) (end 0 1.68) (angle -32) (layer F.SilkS) (width 0.12))
    (fp_arc (start 0 0) (end 1.425 0.891) (angle -64) (layer F.SilkS) (width 0.12))
    (fp_arc (start 0 0) (end 0.866 -1.44) (angle -63) (layer F.SilkS) (width 0.12))
    (fp_arc (start 0 0) (end -1.44 -0.866) (angle -63) (layer F.SilkS) (width 0.12))
    (fp_arc (start 0 0) (end -0.866 1.44) (angle -32) (layer F.SilkS) (width 0.12))
    (fp_circle (center 0 0) (end 1.5 0) (layer F.Fab) (width 0.1))
    (fp_circle (center 3.5 0) (end 5 0) (layer F.Fab) (width 0.1))
    (fp_circle (center 3.5 0) (end 5.18 0) (layer F.SilkS) (width 0.12))
    (fp_circle (center 7 0) (end 8.5 0) (layer F.Fab) (width 0.1))
    (fp_circle (center 7 0) (end 8.68 0) (layer F.SilkS) (width 0.12))
    (fp_line (start -1.75 -3.1) (end 8.75 -3.1) (layer F.Fab) (width 0.1))
    (fp_line (start 8.75 -3.1) (end 8.75 4.5) (layer F.Fab) (width 0.1))
    (fp_line (start 8.75 4.5) (end -1.35 4.5) (layer F.Fab) (width 0.1))
    (fp_line (start -1.35 4.5) (end -1.75 4.1) (layer F.Fab) (width 0.1))
    (fp_line (start -1.75 4.1) (end -1.75 -3.1) (layer F.Fab) (width 0.1))
    (fp_line (start -1.75 4.1) (end 8.75 4.1) (layer F.Fab) (width 0.1))
    (fp_line (start -1.81 4.1) (end 8.81 4.1) (layer F.SilkS) (width 0.12))
    (fp_line (start -1.75 3) (end 8.75 3) (layer F.Fab) (width 0.1))
    (fp_line (start -1.81 3) (end 8.81 3) (layer F.SilkS) (width 0.12))
    (fp_line (start -1.81 -3.16) (end 8.81 -3.16) (layer F.SilkS) (width 0.12))
    (fp_line (start -1.81 4.56) (end 8.81 4.56) (layer F.SilkS) (width 0.12))
    (fp_line (start -1.81 -3.16) (end -1.81 4.56) (layer F.SilkS) (width 0.12))
    (fp_line (start 8.81 -3.16) (end 8.81 4.56) (layer F.SilkS) (width 0.12))
    (fp_line (start 1.138 -0.955) (end -0.955 1.138) (layer F.Fab) (width 0.1))
    (fp_line (start 0.955 -1.138) (end -1.138 0.955) (layer F.Fab) (width 0.1))
    (fp_line (start 4.638 -0.955) (end 2.546 1.138) (layer F.Fab) (width 0.1))
    (fp_line (start 4.455 -1.138) (end 2.363 0.955) (layer F.Fab) (width 0.1))
    (fp_line (start 4.775 -1.069) (end 4.646 -0.941) (layer F.SilkS) (width 0.12))
    (fp_line (start 2.525 1.181) (end 2.431 1.274) (layer F.SilkS) (width 0.12))
    (fp_line (start 4.57 -1.275) (end 4.476 -1.181) (layer F.SilkS) (width 0.12))
    (fp_line (start 2.355 0.941) (end 2.226 1.069) (layer F.SilkS) (width 0.12))
    (fp_line (start 8.138 -0.955) (end 6.046 1.138) (layer F.Fab) (width 0.1))
    (fp_line (start 7.955 -1.138) (end 5.863 0.955) (layer F.Fab) (width 0.1))
    (fp_line (start 8.275 -1.069) (end 8.146 -0.941) (layer F.SilkS) (width 0.12))
    (fp_line (start 6.025 1.181) (end 5.931 1.274) (layer F.SilkS) (width 0.12))
    (fp_line (start 8.07 -1.275) (end 7.976 -1.181) (layer F.SilkS) (width 0.12))
    (fp_line (start 5.855 0.941) (end 5.726 1.069) (layer F.SilkS) (width 0.12))
    (fp_line (start -2.05 4.16) (end -2.05 4.8) (layer F.SilkS) (width 0.12))
    (fp_line (start -2.05 4.8) (end -1.65 4.8) (layer F.SilkS) (width 0.12))
    (fp_line (start -2.25 -3.6) (end -2.25 5) (layer F.CrtYd) (width 0.05))
    (fp_line (start -2.25 5) (end 9.25 5) (layer F.CrtYd) (width 0.05))
    (fp_line (start 9.25 5) (end 9.25 -3.6) (layer F.CrtYd) (width 0.05))
    (fp_line (start 9.25 -3.6) (end -2.25 -3.6) (layer F.CrtYd) (width 0.05))
    (fp_text user %R (at 3.5 2.4 90) (layer F.Fab)
      (effects (font (size 1 1) (thickness 0.15)))
    )
    (pad 1 thru_hole rect (at 0 0 270) (size 2.4 2.4) (drill 1.2) (layers *.Cu *.Mask)
      (net 1 GND))
    (pad 2 thru_hole circle (at 3.5 0 270) (size 2.4 2.4) (drill 1.2) (layers *.Cu *.Mask)
      (net 8 D12))
    (pad 3 thru_hole circle (at 7 0 270) (size 2.4 2.4) (drill 1.2) (layers *.Cu *.Mask)
      (net 5 +3V3))
    (model ${KISYS3DMOD}/TerminalBlock_Phoenix.3dshapes/TerminalBlock_Phoenix_PT-1,5-3-3.5-H_1x03_P3.50mm_Horizontal.wrl
      (at (xyz 0 0 0))
      (scale (xyz 1 1 1))
      (rotate (xyz 0 0 0))
    )
  )

  (module TerminalBlock_Phoenix:TerminalBlock_Phoenix_PT-1,5-3-3.5-H_1x03_P3.50mm_Horizontal (layer Top) (tedit 5B294F3F) (tstamp 5E1D4611)
    (at 19.754 37.748 270)
    (descr "Terminal Block Phoenix PT-1,5-3-3.5-H, 3 pins, pitch 3.5mm, size 10.5x7.6mm^2, drill diamater 1.2mm, pad diameter 2.4mm, see , script-generated using https://github.com/pointhi/kicad-footprint-generator/scripts/TerminalBlock_Phoenix")
    (tags "THT Terminal Block Phoenix PT-1,5-3-3.5-H pitch 3.5mm size 10.5x7.6mm^2 drill 1.2mm pad 2.4mm")
    (path /5DC8F0B0)
    (fp_text reference J7 (at 3.5 -4.16 90) (layer F.SilkS)
      (effects (font (size 1 1) (thickness 0.15)))
    )
    (fp_text value Screw_Terminal_01x03 (at 3.5 5.56 90) (layer F.Fab)
      (effects (font (size 1 1) (thickness 0.15)))
    )
    (fp_text user %R (at 3.5 2.4 90) (layer F.Fab)
      (effects (font (size 1 1) (thickness 0.15)))
    )
    (fp_line (start 9.25 -3.6) (end -2.25 -3.6) (layer F.CrtYd) (width 0.05))
    (fp_line (start 9.25 5) (end 9.25 -3.6) (layer F.CrtYd) (width 0.05))
    (fp_line (start -2.25 5) (end 9.25 5) (layer F.CrtYd) (width 0.05))
    (fp_line (start -2.25 -3.6) (end -2.25 5) (layer F.CrtYd) (width 0.05))
    (fp_line (start -2.05 4.8) (end -1.65 4.8) (layer F.SilkS) (width 0.12))
    (fp_line (start -2.05 4.16) (end -2.05 4.8) (layer F.SilkS) (width 0.12))
    (fp_line (start 5.855 0.941) (end 5.726 1.069) (layer F.SilkS) (width 0.12))
    (fp_line (start 8.07 -1.275) (end 7.976 -1.181) (layer F.SilkS) (width 0.12))
    (fp_line (start 6.025 1.181) (end 5.931 1.274) (layer F.SilkS) (width 0.12))
    (fp_line (start 8.275 -1.069) (end 8.146 -0.941) (layer F.SilkS) (width 0.12))
    (fp_line (start 7.955 -1.138) (end 5.863 0.955) (layer F.Fab) (width 0.1))
    (fp_line (start 8.138 -0.955) (end 6.046 1.138) (layer F.Fab) (width 0.1))
    (fp_line (start 2.355 0.941) (end 2.226 1.069) (layer F.SilkS) (width 0.12))
    (fp_line (start 4.57 -1.275) (end 4.476 -1.181) (layer F.SilkS) (width 0.12))
    (fp_line (start 2.525 1.181) (end 2.431 1.274) (layer F.SilkS) (width 0.12))
    (fp_line (start 4.775 -1.069) (end 4.646 -0.941) (layer F.SilkS) (width 0.12))
    (fp_line (start 4.455 -1.138) (end 2.363 0.955) (layer F.Fab) (width 0.1))
    (fp_line (start 4.638 -0.955) (end 2.546 1.138) (layer F.Fab) (width 0.1))
    (fp_line (start 0.955 -1.138) (end -1.138 0.955) (layer F.Fab) (width 0.1))
    (fp_line (start 1.138 -0.955) (end -0.955 1.138) (layer F.Fab) (width 0.1))
    (fp_line (start 8.81 -3.16) (end 8.81 4.56) (layer F.SilkS) (width 0.12))
    (fp_line (start -1.81 -3.16) (end -1.81 4.56) (layer F.SilkS) (width 0.12))
    (fp_line (start -1.81 4.56) (end 8.81 4.56) (layer F.SilkS) (width 0.12))
    (fp_line (start -1.81 -3.16) (end 8.81 -3.16) (layer F.SilkS) (width 0.12))
    (fp_line (start -1.81 3) (end 8.81 3) (layer F.SilkS) (width 0.12))
    (fp_line (start -1.75 3) (end 8.75 3) (layer F.Fab) (width 0.1))
    (fp_line (start -1.81 4.1) (end 8.81 4.1) (layer F.SilkS) (width 0.12))
    (fp_line (start -1.75 4.1) (end 8.75 4.1) (layer F.Fab) (width 0.1))
    (fp_line (start -1.75 4.1) (end -1.75 -3.1) (layer F.Fab) (width 0.1))
    (fp_line (start -1.35 4.5) (end -1.75 4.1) (layer F.Fab) (width 0.1))
    (fp_line (start 8.75 4.5) (end -1.35 4.5) (layer F.Fab) (width 0.1))
    (fp_line (start 8.75 -3.1) (end 8.75 4.5) (layer F.Fab) (width 0.1))
    (fp_line (start -1.75 -3.1) (end 8.75 -3.1) (layer F.Fab) (width 0.1))
    (fp_circle (center 7 0) (end 8.68 0) (layer F.SilkS) (width 0.12))
    (fp_circle (center 7 0) (end 8.5 0) (layer F.Fab) (width 0.1))
    (fp_circle (center 3.5 0) (end 5.18 0) (layer F.SilkS) (width 0.12))
    (fp_circle (center 3.5 0) (end 5 0) (layer F.Fab) (width 0.1))
    (fp_circle (center 0 0) (end 1.5 0) (layer F.Fab) (width 0.1))
    (fp_arc (start 0 0) (end -0.866 1.44) (angle -32) (layer F.SilkS) (width 0.12))
    (fp_arc (start 0 0) (end -1.44 -0.866) (angle -63) (layer F.SilkS) (width 0.12))
    (fp_arc (start 0 0) (end 0.866 -1.44) (angle -63) (layer F.SilkS) (width 0.12))
    (fp_arc (start 0 0) (end 1.425 0.891) (angle -64) (layer F.SilkS) (width 0.12))
    (fp_arc (start 0 0) (end 0 1.68) (angle -32) (layer F.SilkS) (width 0.12))
    (pad 3 thru_hole circle (at 7 0 270) (size 2.4 2.4) (drill 1.2) (layers *.Cu *.Mask)
      (net 5 +3V3))
    (pad 2 thru_hole circle (at 3.5 0 270) (size 2.4 2.4) (drill 1.2) (layers *.Cu *.Mask)
      (net 8 D12))
    (pad 1 thru_hole rect (at 0 0 270) (size 2.4 2.4) (drill 1.2) (layers *.Cu *.Mask)
      (net 1 GND))
    (model ${KISYS3DMOD}/TerminalBlock_Phoenix.3dshapes/TerminalBlock_Phoenix_PT-1,5-3-3.5-H_1x03_P3.50mm_Horizontal.wrl
      (at (xyz 0 0 0))
      (scale (xyz 1 1 1))
      (rotate (xyz 0 0 0))
    )
  )

  (module TerminalBlock_Phoenix:TerminalBlock_Phoenix_PT-1,5-3-3.5-H_1x03_P3.50mm_Horizontal (layer Top) (tedit 5B294F3F) (tstamp 5E1D4533)
    (at 19.854 22.448 270)
    (descr "Terminal Block Phoenix PT-1,5-3-3.5-H, 3 pins, pitch 3.5mm, size 10.5x7.6mm^2, drill diamater 1.2mm, pad diameter 2.4mm, see , script-generated using https://github.com/pointhi/kicad-footprint-generator/scripts/TerminalBlock_Phoenix")
    (tags "THT Terminal Block Phoenix PT-1,5-3-3.5-H pitch 3.5mm size 10.5x7.6mm^2 drill 1.2mm pad 2.4mm")
    (path /5DCAC7D5)
    (fp_text reference J8 (at 3.5 -4.16 90) (layer F.SilkS)
      (effects (font (size 1 1) (thickness 0.15)))
    )
    (fp_text value Screw_Terminal_01x03 (at 3.5 5.56 90) (layer F.Fab)
      (effects (font (size 1 1) (thickness 0.15)))
    )
    (fp_arc (start 0 0) (end 0 1.68) (angle -32) (layer F.SilkS) (width 0.12))
    (fp_arc (start 0 0) (end 1.425 0.891) (angle -64) (layer F.SilkS) (width 0.12))
    (fp_arc (start 0 0) (end 0.866 -1.44) (angle -63) (layer F.SilkS) (width 0.12))
    (fp_arc (start 0 0) (end -1.44 -0.866) (angle -63) (layer F.SilkS) (width 0.12))
    (fp_arc (start 0 0) (end -0.866 1.44) (angle -32) (layer F.SilkS) (width 0.12))
    (fp_circle (center 0 0) (end 1.5 0) (layer F.Fab) (width 0.1))
    (fp_circle (center 3.5 0) (end 5 0) (layer F.Fab) (width 0.1))
    (fp_circle (center 3.5 0) (end 5.18 0) (layer F.SilkS) (width 0.12))
    (fp_circle (center 7 0) (end 8.5 0) (layer F.Fab) (width 0.1))
    (fp_circle (center 7 0) (end 8.68 0) (layer F.SilkS) (width 0.12))
    (fp_line (start -1.75 -3.1) (end 8.75 -3.1) (layer F.Fab) (width 0.1))
    (fp_line (start 8.75 -3.1) (end 8.75 4.5) (layer F.Fab) (width 0.1))
    (fp_line (start 8.75 4.5) (end -1.35 4.5) (layer F.Fab) (width 0.1))
    (fp_line (start -1.35 4.5) (end -1.75 4.1) (layer F.Fab) (width 0.1))
    (fp_line (start -1.75 4.1) (end -1.75 -3.1) (layer F.Fab) (width 0.1))
    (fp_line (start -1.75 4.1) (end 8.75 4.1) (layer F.Fab) (width 0.1))
    (fp_line (start -1.81 4.1) (end 8.81 4.1) (layer F.SilkS) (width 0.12))
    (fp_line (start -1.75 3) (end 8.75 3) (layer F.Fab) (width 0.1))
    (fp_line (start -1.81 3) (end 8.81 3) (layer F.SilkS) (width 0.12))
    (fp_line (start -1.81 -3.16) (end 8.81 -3.16) (layer F.SilkS) (width 0.12))
    (fp_line (start -1.81 4.56) (end 8.81 4.56) (layer F.SilkS) (width 0.12))
    (fp_line (start -1.81 -3.16) (end -1.81 4.56) (layer F.SilkS) (width 0.12))
    (fp_line (start 8.81 -3.16) (end 8.81 4.56) (layer F.SilkS) (width 0.12))
    (fp_line (start 1.138 -0.955) (end -0.955 1.138) (layer F.Fab) (width 0.1))
    (fp_line (start 0.955 -1.138) (end -1.138 0.955) (layer F.Fab) (width 0.1))
    (fp_line (start 4.638 -0.955) (end 2.546 1.138) (layer F.Fab) (width 0.1))
    (fp_line (start 4.455 -1.138) (end 2.363 0.955) (layer F.Fab) (width 0.1))
    (fp_line (start 4.775 -1.069) (end 4.646 -0.941) (layer F.SilkS) (width 0.12))
    (fp_line (start 2.525 1.181) (end 2.431 1.274) (layer F.SilkS) (width 0.12))
    (fp_line (start 4.57 -1.275) (end 4.476 -1.181) (layer F.SilkS) (width 0.12))
    (fp_line (start 2.355 0.941) (end 2.226 1.069) (layer F.SilkS) (width 0.12))
    (fp_line (start 8.138 -0.955) (end 6.046 1.138) (layer F.Fab) (width 0.1))
    (fp_line (start 7.955 -1.138) (end 5.863 0.955) (layer F.Fab) (width 0.1))
    (fp_line (start 8.275 -1.069) (end 8.146 -0.941) (layer F.SilkS) (width 0.12))
    (fp_line (start 6.025 1.181) (end 5.931 1.274) (layer F.SilkS) (width 0.12))
    (fp_line (start 8.07 -1.275) (end 7.976 -1.181) (layer F.SilkS) (width 0.12))
    (fp_line (start 5.855 0.941) (end 5.726 1.069) (layer F.SilkS) (width 0.12))
    (fp_line (start -2.05 4.16) (end -2.05 4.8) (layer F.SilkS) (width 0.12))
    (fp_line (start -2.05 4.8) (end -1.65 4.8) (layer F.SilkS) (width 0.12))
    (fp_line (start -2.25 -3.6) (end -2.25 5) (layer F.CrtYd) (width 0.05))
    (fp_line (start -2.25 5) (end 9.25 5) (layer F.CrtYd) (width 0.05))
    (fp_line (start 9.25 5) (end 9.25 -3.6) (layer F.CrtYd) (width 0.05))
    (fp_line (start 9.25 -3.6) (end -2.25 -3.6) (layer F.CrtYd) (width 0.05))
    (fp_text user %R (at 3.5 2.4 90) (layer F.Fab)
      (effects (font (size 1 1) (thickness 0.15)))
    )
    (pad 1 thru_hole rect (at 0 0 270) (size 2.4 2.4) (drill 1.2) (layers *.Cu *.Mask)
      (net 1 GND))
    (pad 2 thru_hole circle (at 3.5 0 270) (size 2.4 2.4) (drill 1.2) (layers *.Cu *.Mask)
      (net 8 D12))
    (pad 3 thru_hole circle (at 7 0 270) (size 2.4 2.4) (drill 1.2) (layers *.Cu *.Mask)
      (net 5 +3V3))
    (model ${KISYS3DMOD}/TerminalBlock_Phoenix.3dshapes/TerminalBlock_Phoenix_PT-1,5-3-3.5-H_1x03_P3.50mm_Horizontal.wrl
      (at (xyz 0 0 0))
      (scale (xyz 1 1 1))
      (rotate (xyz 0 0 0))
    )
  )

  (module Connector_PinSocket_2.54mm:PinSocket_1x05_P2.54mm_Vertical (layer Top) (tedit 5A19A420) (tstamp 5E1D478C)
    (at 33.554 25.148)
    (descr "Through hole straight socket strip, 1x05, 2.54mm pitch, single row (from Kicad 4.0.7), script generated")
    (tags "Through hole socket strip THT 1x05 2.54mm single row")
    (path /5DBCD3E9)
    (fp_text reference U2 (at 0 -2.77) (layer F.SilkS)
      (effects (font (size 1 1) (thickness 0.15)))
    )
    (fp_text value tpl5110 (at 0 12.93) (layer F.Fab)
      (effects (font (size 1 1) (thickness 0.15)))
    )
    (fp_line (start -1.27 -1.27) (end 0.635 -1.27) (layer F.Fab) (width 0.1))
    (fp_line (start 0.635 -1.27) (end 1.27 -0.635) (layer F.Fab) (width 0.1))
    (fp_line (start 1.27 -0.635) (end 1.27 11.43) (layer F.Fab) (width 0.1))
    (fp_line (start 1.27 11.43) (end -1.27 11.43) (layer F.Fab) (width 0.1))
    (fp_line (start -1.27 11.43) (end -1.27 -1.27) (layer F.Fab) (width 0.1))
    (fp_line (start -1.33 1.27) (end 1.33 1.27) (layer F.SilkS) (width 0.12))
    (fp_line (start -1.33 1.27) (end -1.33 11.49) (layer F.SilkS) (width 0.12))
    (fp_line (start -1.33 11.49) (end 1.33 11.49) (layer F.SilkS) (width 0.12))
    (fp_line (start 1.33 1.27) (end 1.33 11.49) (layer F.SilkS) (width 0.12))
    (fp_line (start 1.33 -1.33) (end 1.33 0) (layer F.SilkS) (width 0.12))
    (fp_line (start 0 -1.33) (end 1.33 -1.33) (layer F.SilkS) (width 0.12))
    (fp_line (start -1.8 -1.8) (end 1.75 -1.8) (layer F.CrtYd) (width 0.05))
    (fp_line (start 1.75 -1.8) (end 1.75 11.9) (layer F.CrtYd) (width 0.05))
    (fp_line (start 1.75 11.9) (end -1.8 11.9) (layer F.CrtYd) (width 0.05))
    (fp_line (start -1.8 11.9) (end -1.8 -1.8) (layer F.CrtYd) (width 0.05))
    (fp_text user %R (at 0 5.08 90) (layer F.Fab)
      (effects (font (size 1 1) (thickness 0.15)))
    )
    (pad 1 thru_hole rect (at 0 0) (size 1.7 1.7) (drill 1) (layers *.Cu *.Mask)
      (net 7 LI-ION))
    (pad 2 thru_hole oval (at 0 2.54) (size 1.7 1.7) (drill 1) (layers *.Cu *.Mask)
      (net 1 GND))
    (pad 3 thru_hole oval (at 0 5.08) (size 1.7 1.7) (drill 1) (layers *.Cu *.Mask)
      (net 6 "Net-(J1-Pad1)"))
    (pad 4 thru_hole oval (at 0 7.62) (size 1.7 1.7) (drill 1) (layers *.Cu *.Mask)
      (net 14 TIMED_POWER))
    (pad 5 thru_hole oval (at 0 10.16) (size 1.7 1.7) (drill 1) (layers *.Cu *.Mask)
      (net 9 DONE))
    (model ${KISYS3DMOD}/Connector_PinSocket_2.54mm.3dshapes/PinSocket_1x05_P2.54mm_Vertical.wrl
      (at (xyz 0 0 0))
      (scale (xyz 1 1 1))
      (rotate (xyz 0 0 0))
    )
  )

  (module Connector_PinSocket_2.54mm:PinSocket_1x09_P2.54mm_Vertical (layer Top) (tedit 5A19A431) (tstamp 5E1D48B6)
    (at 80.754 12.328)
    (descr "Through hole straight socket strip, 1x09, 2.54mm pitch, single row (from Kicad 4.0.7), script generated")
    (tags "Through hole socket strip THT 1x09 2.54mm single row")
    (path /5DCB628E)
    (fp_text reference U3 (at 0 -2.77) (layer F.SilkS)
      (effects (font (size 1 1) (thickness 0.15)))
    )
    (fp_text value lora_breakout (at 0 23.09) (layer F.Fab)
      (effects (font (size 1 1) (thickness 0.15)))
    )
    (fp_line (start -1.27 -1.27) (end 0.635 -1.27) (layer F.Fab) (width 0.1))
    (fp_line (start 0.635 -1.27) (end 1.27 -0.635) (layer F.Fab) (width 0.1))
    (fp_line (start 1.27 -0.635) (end 1.27 21.59) (layer F.Fab) (width 0.1))
    (fp_line (start 1.27 21.59) (end -1.27 21.59) (layer F.Fab) (width 0.1))
    (fp_line (start -1.27 21.59) (end -1.27 -1.27) (layer F.Fab) (width 0.1))
    (fp_line (start -1.33 1.27) (end 1.33 1.27) (layer F.SilkS) (width 0.12))
    (fp_line (start -1.33 1.27) (end -1.33 21.65) (layer F.SilkS) (width 0.12))
    (fp_line (start -1.33 21.65) (end 1.33 21.65) (layer F.SilkS) (width 0.12))
    (fp_line (start 1.33 1.27) (end 1.33 21.65) (layer F.SilkS) (width 0.12))
    (fp_line (start 1.33 -1.33) (end 1.33 0) (layer F.SilkS) (width 0.12))
    (fp_line (start 0 -1.33) (end 1.33 -1.33) (layer F.SilkS) (width 0.12))
    (fp_line (start -1.8 -1.8) (end 1.75 -1.8) (layer F.CrtYd) (width 0.05))
    (fp_line (start 1.75 -1.8) (end 1.75 22.1) (layer F.CrtYd) (width 0.05))
    (fp_line (start 1.75 22.1) (end -1.8 22.1) (layer F.CrtYd) (width 0.05))
    (fp_line (start -1.8 22.1) (end -1.8 -1.8) (layer F.CrtYd) (width 0.05))
    (fp_text user %R (at 0 10.16 90) (layer F.Fab)
      (effects (font (size 1 1) (thickness 0.15)))
    )
    (pad 1 thru_hole rect (at 0 0) (size 1.7 1.7) (drill 1) (layers *.Cu *.Mask)
      (net 5 +3V3))
    (pad 2 thru_hole oval (at 0 2.54) (size 1.7 1.7) (drill 1) (layers *.Cu *.Mask)
      (net 1 GND))
    (pad 3 thru_hole oval (at 0 5.08) (size 1.7 1.7) (drill 1) (layers *.Cu *.Mask))
    (pad 4 thru_hole oval (at 0 7.62) (size 1.7 1.7) (drill 1) (layers *.Cu *.Mask)
      (net 15 G0))
    (pad 5 thru_hole oval (at 0 10.16) (size 1.7 1.7) (drill 1) (layers *.Cu *.Mask)
      (net 4 SCK))
    (pad 6 thru_hole oval (at 0 12.7) (size 1.7 1.7) (drill 1) (layers *.Cu *.Mask)
      (net 3 MISO))
    (pad 7 thru_hole oval (at 0 15.24) (size 1.7 1.7) (drill 1) (layers *.Cu *.Mask)
      (net 2 MOSI))
    (pad 8 thru_hole oval (at 0 17.78) (size 1.7 1.7) (drill 1) (layers *.Cu *.Mask)
      (net 11 LORA_CS))
    (pad 9 thru_hole oval (at 0 20.32) (size 1.7 1.7) (drill 1) (layers *.Cu *.Mask)
      (net 10 LORA_RST))
    (model ${KISYS3DMOD}/Connector_PinSocket_2.54mm.3dshapes/PinSocket_1x09_P2.54mm_Vertical.wrl
      (at (xyz 0 0 0))
      (scale (xyz 1 1 1))
      (rotate (xyz 0 0 0))
    )
  )

  (module TerminalBlock_Phoenix:TerminalBlock_Phoenix_PT-1,5-2-3.5-H_1x02_P3.50mm_Horizontal (layer Top) (tedit 5B294F3F) (tstamp 5E1D46AC)
    (at 37.084 17.272 180)
    (descr "Terminal Block Phoenix PT-1,5-2-3.5-H, 2 pins, pitch 3.5mm, size 7x7.6mm^2, drill diamater 1.2mm, pad diameter 2.4mm, see , script-generated using https://github.com/pointhi/kicad-footprint-generator/scripts/TerminalBlock_Phoenix")
    (tags "THT Terminal Block Phoenix PT-1,5-2-3.5-H pitch 3.5mm size 7x7.6mm^2 drill 1.2mm pad 2.4mm")
    (path /5DD91751)
    (fp_text reference J2 (at 1.75 -4.16) (layer F.SilkS)
      (effects (font (size 1 1) (thickness 0.15)))
    )
    (fp_text value Screw_Terminal_01x02 (at 1.75 5.56) (layer F.Fab)
      (effects (font (size 1 1) (thickness 0.15)))
    )
    (fp_arc (start 0 0) (end 0 1.68) (angle -32) (layer F.SilkS) (width 0.12))
    (fp_arc (start 0 0) (end 1.425 0.891) (angle -64) (layer F.SilkS) (width 0.12))
    (fp_arc (start 0 0) (end 0.866 -1.44) (angle -63) (layer F.SilkS) (width 0.12))
    (fp_arc (start 0 0) (end -1.44 -0.866) (angle -63) (layer F.SilkS) (width 0.12))
    (fp_arc (start 0 0) (end -0.866 1.44) (angle -32) (layer F.SilkS) (width 0.12))
    (fp_circle (center 0 0) (end 1.5 0) (layer F.Fab) (width 0.1))
    (fp_circle (center 3.5 0) (end 5 0) (layer F.Fab) (width 0.1))
    (fp_circle (center 3.5 0) (end 5.18 0) (layer F.SilkS) (width 0.12))
    (fp_line (start -1.75 -3.1) (end 5.25 -3.1) (layer F.Fab) (width 0.1))
    (fp_line (start 5.25 -3.1) (end 5.25 4.5) (layer F.Fab) (width 0.1))
    (fp_line (start 5.25 4.5) (end -1.35 4.5) (layer F.Fab) (width 0.1))
    (fp_line (start -1.35 4.5) (end -1.75 4.1) (layer F.Fab) (width 0.1))
    (fp_line (start -1.75 4.1) (end -1.75 -3.1) (layer F.Fab) (width 0.1))
    (fp_line (start -1.75 4.1) (end 5.25 4.1) (layer F.Fab) (width 0.1))
    (fp_line (start -1.81 4.1) (end 5.31 4.1) (layer F.SilkS) (width 0.12))
    (fp_line (start -1.75 3) (end 5.25 3) (layer F.Fab) (width 0.1))
    (fp_line (start -1.81 3) (end 5.31 3) (layer F.SilkS) (width 0.12))
    (fp_line (start -1.81 -3.16) (end 5.31 -3.16) (layer F.SilkS) (width 0.12))
    (fp_line (start -1.81 4.56) (end 5.31 4.56) (layer F.SilkS) (width 0.12))
    (fp_line (start -1.81 -3.16) (end -1.81 4.56) (layer F.SilkS) (width 0.12))
    (fp_line (start 5.31 -3.16) (end 5.31 4.56) (layer F.SilkS) (width 0.12))
    (fp_line (start 1.138 -0.955) (end -0.955 1.138) (layer F.Fab) (width 0.1))
    (fp_line (start 0.955 -1.138) (end -1.138 0.955) (layer F.Fab) (width 0.1))
    (fp_line (start 4.638 -0.955) (end 2.546 1.138) (layer F.Fab) (width 0.1))
    (fp_line (start 4.455 -1.138) (end 2.363 0.955) (layer F.Fab) (width 0.1))
    (fp_line (start 4.775 -1.069) (end 4.646 -0.941) (layer F.SilkS) (width 0.12))
    (fp_line (start 2.525 1.181) (end 2.431 1.274) (layer F.SilkS) (width 0.12))
    (fp_line (start 4.57 -1.275) (end 4.476 -1.181) (layer F.SilkS) (width 0.12))
    (fp_line (start 2.355 0.941) (end 2.226 1.069) (layer F.SilkS) (width 0.12))
    (fp_line (start -2.05 4.16) (end -2.05 4.8) (layer F.SilkS) (width 0.12))
    (fp_line (start -2.05 4.8) (end -1.65 4.8) (layer F.SilkS) (width 0.12))
    (fp_line (start -2.25 -3.6) (end -2.25 5) (layer F.CrtYd) (width 0.05))
    (fp_line (start -2.25 5) (end 5.75 5) (layer F.CrtYd) (width 0.05))
    (fp_line (start 5.75 5) (end 5.75 -3.6) (layer F.CrtYd) (width 0.05))
    (fp_line (start 5.75 -3.6) (end -2.25 -3.6) (layer F.CrtYd) (width 0.05))
    (pad 1 thru_hole rect (at 0 0 180) (size 2.4 2.4) (drill 1.2) (layers *.Cu *.Mask)
      (net 1 GND))
    (pad 2 thru_hole circle (at 3.5 0 180) (size 2.4 2.4) (drill 1.2) (layers *.Cu *.Mask)
      (net 7 LI-ION))
    (model ${KISYS3DMOD}/TerminalBlock_Phoenix.3dshapes/TerminalBlock_Phoenix_PT-1,5-2-3.5-H_1x02_P3.50mm_Horizontal.wrl
      (at (xyz 0 0 0))
      (scale (xyz 1 1 1))
      (rotate (xyz 0 0 0))
    )
  )

  (module Resistor_THT:R_Axial_DIN0411_L9.9mm_D3.6mm_P12.70mm_Horizontal (layer Top) (tedit 5AE5139B) (tstamp 5E1D49CA)
    (at 25.908 44.704)
    (descr "Resistor, Axial_DIN0411 series, Axial, Horizontal, pin pitch=12.7mm, 1W, length*diameter=9.9*3.6mm^2")
    (tags "Resistor Axial_DIN0411 series Axial Horizontal pin pitch 12.7mm 1W length 9.9mm diameter 3.6mm")
    (path /5DC90C9F)
    (fp_text reference R3 (at 6.35 -2.92) (layer F.SilkS)
      (effects (font (size 1 1) (thickness 0.15)))
    )
    (fp_text value R (at 6.35 2.92) (layer F.Fab)
      (effects (font (size 1 1) (thickness 0.15)))
    )
    (fp_line (start 1.4 -1.8) (end 1.4 1.8) (layer F.Fab) (width 0.1))
    (fp_line (start 1.4 1.8) (end 11.3 1.8) (layer F.Fab) (width 0.1))
    (fp_line (start 11.3 1.8) (end 11.3 -1.8) (layer F.Fab) (width 0.1))
    (fp_line (start 11.3 -1.8) (end 1.4 -1.8) (layer F.Fab) (width 0.1))
    (fp_line (start 0 0) (end 1.4 0) (layer F.Fab) (width 0.1))
    (fp_line (start 12.7 0) (end 11.3 0) (layer F.Fab) (width 0.1))
    (fp_line (start 1.28 -1.44) (end 1.28 -1.92) (layer F.SilkS) (width 0.12))
    (fp_line (start 1.28 -1.92) (end 11.42 -1.92) (layer F.SilkS) (width 0.12))
    (fp_line (start 11.42 -1.92) (end 11.42 -1.44) (layer F.SilkS) (width 0.12))
    (fp_line (start 1.28 1.44) (end 1.28 1.92) (layer F.SilkS) (width 0.12))
    (fp_line (start 1.28 1.92) (end 11.42 1.92) (layer F.SilkS) (width 0.12))
    (fp_line (start 11.42 1.92) (end 11.42 1.44) (layer F.SilkS) (width 0.12))
    (fp_line (start -1.45 -2.05) (end -1.45 2.05) (layer F.CrtYd) (width 0.05))
    (fp_line (start -1.45 2.05) (end 14.15 2.05) (layer F.CrtYd) (width 0.05))
    (fp_line (start 14.15 2.05) (end 14.15 -2.05) (layer F.CrtYd) (width 0.05))
    (fp_line (start 14.15 -2.05) (end -1.45 -2.05) (layer F.CrtYd) (width 0.05))
    (fp_text user %R (at 6.35 0) (layer F.Fab)
      (effects (font (size 1 1) (thickness 0.15)))
    )
    (pad 1 thru_hole circle (at 0 0) (size 2.4 2.4) (drill 1.2) (layers *.Cu *.Mask)
      (net 5 +3V3))
    (pad 2 thru_hole oval (at 12.7 0) (size 2.4 2.4) (drill 1.2) (layers *.Cu *.Mask)
      (net 8 D12))
    (model ${KISYS3DMOD}/Resistor_THT.3dshapes/R_Axial_DIN0411_L9.9mm_D3.6mm_P12.70mm_Horizontal.wrl
      (at (xyz 0 0 0))
      (scale (xyz 1 1 1))
      (rotate (xyz 0 0 0))
    )
  )

  (module Connector_PinSocket_2.54mm:PinSocket_1x14_P2.54mm_Vertical (layer Top) (tedit 5A19A434) (tstamp 5E1D502A)
    (at 56.896 54.356 180)
    (descr "Through hole straight socket strip, 1x14, 2.54mm pitch, single row (from Kicad 4.0.7), script generated")
    (tags "Through hole socket strip THT 1x14 2.54mm single row")
    (path /FA93C76E)
    (fp_text reference JP2 (at 0 -2.77) (layer F.SilkS)
      (effects (font (size 1 1) (thickness 0.15)))
    )
    (fp_text value HEADER-1X14 (at 0 35.79) (layer F.Fab)
      (effects (font (size 1 1) (thickness 0.15)))
    )
    (fp_text user %R (at 0 16.51 90) (layer F.Fab)
      (effects (font (size 1 1) (thickness 0.15)))
    )
    (fp_line (start -1.8 34.8) (end -1.8 -1.8) (layer F.CrtYd) (width 0.05))
    (fp_line (start 1.75 34.8) (end -1.8 34.8) (layer F.CrtYd) (width 0.05))
    (fp_line (start 1.75 -1.8) (end 1.75 34.8) (layer F.CrtYd) (width 0.05))
    (fp_line (start -1.8 -1.8) (end 1.75 -1.8) (layer F.CrtYd) (width 0.05))
    (fp_line (start 0 -1.33) (end 1.33 -1.33) (layer F.SilkS) (width 0.12))
    (fp_line (start 1.33 -1.33) (end 1.33 0) (layer F.SilkS) (width 0.12))
    (fp_line (start 1.33 1.27) (end 1.33 34.35) (layer F.SilkS) (width 0.12))
    (fp_line (start -1.33 34.35) (end 1.33 34.35) (layer F.SilkS) (width 0.12))
    (fp_line (start -1.33 1.27) (end -1.33 34.35) (layer F.SilkS) (width 0.12))
    (fp_line (start -1.33 1.27) (end 1.33 1.27) (layer F.SilkS) (width 0.12))
    (fp_line (start -1.27 34.29) (end -1.27 -1.27) (layer F.Fab) (width 0.1))
    (fp_line (start 1.27 34.29) (end -1.27 34.29) (layer F.Fab) (width 0.1))
    (fp_line (start 1.27 -0.635) (end 1.27 34.29) (layer F.Fab) (width 0.1))
    (fp_line (start 0.635 -1.27) (end 1.27 -0.635) (layer F.Fab) (width 0.1))
    (fp_line (start -1.27 -1.27) (end 0.635 -1.27) (layer F.Fab) (width 0.1))
    (pad 14 thru_hole oval (at 0 33.02 180) (size 1.7 1.7) (drill 1) (layers *.Cu *.Mask))
    (pad 13 thru_hole oval (at 0 30.48 180) (size 1.7 1.7) (drill 1) (layers *.Cu *.Mask))
    (pad 12 thru_hole oval (at 0 27.94 180) (size 1.7 1.7) (drill 1) (layers *.Cu *.Mask)
      (net 13 SDA))
    (pad 11 thru_hole oval (at 0 25.4 180) (size 1.7 1.7) (drill 1) (layers *.Cu *.Mask)
      (net 12 SCL))
    (pad 10 thru_hole oval (at 0 22.86 180) (size 1.7 1.7) (drill 1) (layers *.Cu *.Mask))
    (pad 9 thru_hole oval (at 0 20.32 180) (size 1.7 1.7) (drill 1) (layers *.Cu *.Mask)
      (net 9 DONE))
    (pad 8 thru_hole oval (at 0 17.78 180) (size 1.7 1.7) (drill 1) (layers *.Cu *.Mask))
    (pad 7 thru_hole oval (at 0 15.24 180) (size 1.7 1.7) (drill 1) (layers *.Cu *.Mask))
    (pad 6 thru_hole oval (at 0 12.7 180) (size 1.7 1.7) (drill 1) (layers *.Cu *.Mask))
